2.127 26.077
-0.306 13.302
2.835 103.97
2.817 94.879
1.788 22.1
0.552 -23.695
-1.383 -13.29
-1.203 -10.996
-1.086 -0.095545
-0.879 12.023
1.443 8.4778
2.85 91.234
-2.676 -80.864
-0.621 -3.0515
0.201 8.207
2.469 55.055
-1.251 -16.787
-0.501 -16.034
-1.539 1.1931
0.966 4.2254
0.798 -8.0368
0.783 17.318
0.648 -8.3805
-2.919 -118.31
-0.993 -2.8871
1.566 25.182
-0.045 9.1891
2.877 96.954
0.399 -14.626
-1.557 -1.5028
-1.791 -22.718
-2.505 -67.364
-2.067 -17.44
-0.804 3.1059
1.524 27.76
1.752 -8.4601
2.313 35.38
0.639 -22.323
0.708 0.22747
-0.465 9.072
0.288 15.61
-2.946 -118.17
-1.458 10.087
-1.758 10.422
2.55 64.658
-0.03 17.407
-0.177 2.3604
-0.921 8.247
2.928 128.58
0.273 -23.374
1.419 18.74
-2.355 -48.095
0.111 8.9722
-1.47 2.5866
2.694 73.301
2.001 23.151
0.336 -13.643
-0.936 -15.288
1.209 -17.844
-1.575 -5.471
2.328 44.807
1.905 35.76
0.795 9.8909
-1.158 -1.2504
-0.771 7.1429
2.223 48.994
2.745 85.121
0 -4.4474
2.628 50.308
0.072 -5.0153
0.93 3.708
-2.763 -66.031
-2.046 -28.08
-2.343 -47.478
-0.228 15.915
0.204 -4.3708
2.634 88.907
-1.74 -5.8266
-2.721 -79.086
0.915 -0.78986
0.495 1.4943
2.457 42.935
1.362 0.061226
-1.341 -7.3382
2.607 67.559
-0.753 -12.937
-1.119 -5.2889
-1.698 -31.35
-2.829 -112.88
1.86 -6.0959
0.99 12.869
-0.78 0.11503
-2.382 -19.037
0.264 2.0026
2.535 64.038
-2.775 -80.328
-2.553 -62.68
2.277 27.014
-1.197 8.3367
-0.564 -0.23584
