2.127 26.077
-0.306 13.302
2.835 103.97
2.817 94.879
1.788 22.1
0.552 -23.695
-1.383 -13.29
-1.203 -10.996
-1.086 -0.095545
-0.879 12.023
1.443 8.4778
2.85 91.234
-2.676 -80.864
-0.621 -3.0515
0.201 8.207
2.469 55.055
-1.251 -16.787
-0.501 -16.034
-1.539 1.1931
0.966 4.2254
0.798 -8.0368
0.783 17.318
0.648 -8.3805
-2.919 -118.31
-0.993 -2.8871
1.566 25.182
-0.045 9.1891
2.877 96.954
0.399 -14.626
-1.557 -1.5028
-1.791 -22.718
-2.505 -67.364
-2.067 -17.44
-0.804 3.1059
1.524 27.76
1.752 -8.4601
2.313 35.38
0.639 -22.323
0.708 0.22747
-0.465 9.072
0.288 15.61
-2.946 -118.17
-1.458 10.087
-1.758 10.422
2.55 64.658
-0.03 17.407
-0.177 2.3604
-0.921 8.247
2.928 128.58
0.273 -23.374
1.419 18.74
-2.355 -48.095
0.111 8.9722
-1.47 2.5866
2.694 73.301
2.001 23.151
0.336 -13.643
-0.936 -15.288
1.209 -17.844
-1.575 -5.471
2.328 44.807
1.905 35.76
0.795 9.8909
-1.158 -1.2504
-0.771 7.1429
2.223 48.994
2.745 85.121
0 -4.4474
2.628 50.308
0.072 -5.0153
0.93 3.708
-2.763 -66.031
-2.046 -28.08
-2.343 -47.478
-0.228 15.915
0.204 -4.3708
2.634 88.907
-1.74 -5.8266
-2.721 -79.086
0.915 -0.78986
0.495 1.4943
2.457 42.935
1.362 0.061226
-1.341 -7.3382
2.607 67.559
-0.753 -12.937
-1.119 -5.2889
-1.698 -31.35
-2.829 -112.88
1.86 -6.0959
0.99 12.869
-0.78 0.11503
-2.382 -19.037
0.264 2.0026
2.535 64.038
-2.775 -80.328
-2.553 -62.68
2.277 27.014
-1.197 8.3367
-0.564 -0.23584
1.956 17.941
2.094 24.022
2.427 47.813
2.271 49.877
-0.435 12.334
-0.006 -6.1482
1.506 15.887
-2.136 -38.953
0.714 -0.38033
2.703 72.906
1.95 10.045
-0.039 3.9853
1.374 8.413
0.462 -16.28
-0.456 -9.2731
-1.401 1.2719
-2.481 -56.764
-0.267 -2.1603
-0.612 5.767
2.841 98.922
0.045 -7.9192
-0.507 4.3996
2.709 84.322
0.9 0.22842
1.203 -1.5979
1.554 20.917
-0.84 -10.69
0.387 2.1499
0.702 -5.4526
1.665 13.602
1.446 18.433
1.749 2.7932
-1.857 -30.73
2.13 43.526
-1.8 -5.4256
2.037 30.617
-1.017 2.3606
-2.211 -17.718
1.68 5.748
-2.091 -21.147
-1.611 30.77
0.018 12.459
1.938 1.7931
-1.35 8.8632
2.316 53.531
1.134 -7.0775
2.838 108.39
1.677 7.2533
-0.372 -12.039
-1.449 3.9272
1.647 8.487
1.962 15.856
0.999 -4.9621
1.785 -8.1148
2.046 26.381
0.39 2.1551
-2.013 -14.1
-2.925 -99.486
-1.899 -24.431
0.606 -16.231
-1.977 -21.515
-2.346 -38.398
2.982 141.75
1.368 27.437
0.135 24.699
1.722 30.184
-0.012 -17.529
0.855 -3.4257
0.66 12.634
2.076 28.095
-0.696 14.626
0.081 -15.453
2.421 37.4
-2.139 -17.484
1.116 -17.001
-1.596 -36.589
2.325 30.654
1.023 7.2159
-1.095 1.0116
-1.761 -25.63
0.486 5.7137
-1.527 -1.7365
-1.326 -1.1642
2.496 60.565
-2.757 -103.37
2.013 4.094
-1.656 -35.717
1.776 4.6654
-0.657 -9.6255
2.988 121.06
-2.28 -33.363
-0.483 -6.3304
-1.137 -28.812
0.189 -1.912
1.278 6.5176
0.27 12.332
0.174 2.5526
-2.478 -61.462
-1.782 -8.0736
-2.613 -46.199
-2.451 -56.958
-2.424 -40.57
-2.445 -59.499
-1.317 10.993
1.683 10.382
0.483 -1.5696
2.283 21.668
-1.701 -20.617
1.533 5.676
-0.195 -31.378
0.456 -13.262
2.7 76.548
0.996 -6.5858
-0.648 -0.80994
1.887 18.164
0.477 -14.224
2.433 40.623
-2.67 -79.77
2.448 66.874
-2.283 -35.319
-0.258 -1.0979
-1.044 -0.35037
1.275 3.4021
2.259 62.7
2.724 54.267
-2.802 -95.543
0.753 -2.5277
-0.996 20.909
-0.402 -7.9417
-2.619 -82.343
1.467 14.07
-1.551 3.0445
2.868 103.72
2.715 79.565
0.102 -5.1381
0.912 -11.79
-0.765 9.7972
2.727 84.327
-2.292 -37.161
1.902 27.915
-2.394 -42.444
2.943 116.35
0.027 9.5219
2.43 30.085
-2.295 -26.54
1.431 -5.5294
-0.201 -13.227
2.079 41.745
-1.311 -11.958
-1.812 -4.8634
2.895 112.75
0.63 13.935
1.257 -1.0619
-2.634 -71.506
-2.652 -76.73
1.731 -5.1088
2.184 34.261
0.06 -26.482
-2.547 -81.087
1.623 -9.0454
2.655 73.31
-2.388 -48.691
2.208 30.234
-2.898 -105.68
-1.116 -8.7509
0.975 -19.138
0.381 1.6336
-1.665 -11.918
0.18 12.985
-1.461 -8.7178
2.337 40.439
2.544 66.3
0.867 6.8672
0.162 -6.9289
-1.23 -40.31
1.494 16.855
-2.055 -31.363
-2.484 -58.557
2.193 35.947
-2.745 -95.138
-2.727 -98.039
-0.885 6.5133
0.048 -3.6254
2.415 52.218
2.247 27.756
1.122 -8.4806
1.809 -1.9627
-2.493 -60.003
-0.951 -14.237
-2.214 -45.136
0.909 -6.8142
2.532 78.771
1.11 0.15369
-0.189 -0.75686
0.234 11.844
-1.59 -19.786
-1.404 1.0728
1.545 2.6143
-0.828 -1.8518
-1.515 -15.622
0.738 4.9311
0.549 2.7487
-0.396 -3.2249
-2.622 -74.107
0.963 -5.0063
-0.324 -28.06
-1.728 -17.87
-1.257 -1.2584
2.028 17.253
0.87 22.878
-0.321 -1.4209
-0.342 9.5521
-1.296 -4.5696
-0.87 -9.7672
1.917 22.665
-1.863 -5.2281
2.418 42.051
2.334 21.285
-0.918 5.4047
1.602 11.619
1.593 1.485
-1.68 9.662
1.8 14.926
2.706 84.874
-1.17 21.566
1.26 -7.0538
-1.614 -24.288
-2.166 -20.495
-1.509 2.2927
-1.032 -4.0522
-1.713 -13.09
-2.022 -8.6821
1.02 1.3099
2.853 108.04
0.627 -21.622
-2.688 -96.709
1.821 31.671
-1.224 -9.345
-1.287 -12.098
-0.453 -6.9722
-1.323 -18.125
-0.768 -9.4498
2.016 11.837
1.539 24.25
0.522 -4.88
2.019 18.81
2.232 41.796
-1.719 -6.7383
1.476 3.7563
0.948 14.878
-1.482 -12.077
-2.058 -32.377
0.654 -12.476
-2.364 -46.889
-0.681 -1.6
2.916 101.71
-2.049 -35.159
-0.186 9.2691
1.182 3.5181
-2.313 -60.499
0.441 -20.374
2.361 48.602
0.942 23.051
-0.114 -3.5899
-2.835 -97.2
-0.93 10.429
-1.008 -2.1504
2.472 70.622
-2.997 -122.27
-1.059 5.9813
2.961 124.37
-0.702 19.102
-0.9 3.9336
-1.722 -41.877
0.294 -11.316
2.499 56.118
-1.107 -6.2414
-1.962 -11.648
0.645 -0.84595
2.487 42.761
2.649 65.089
0.096 -3.2373
1.488 1.6566
2.382 31.192
-1.08 -20.33
-2.34 -25.77
0.669 0.055395
1.515 4.184
-1.563 -5.7546
0.147 -10.434
2.07 20.814
0.603 8.4094
1.263 -8.6426
-2.568 -72.903
-0.33 -6.6704
-0.336 -4.3677
-2.469 -73.498
-0.57 -4.8794
2.1 30.45
-1.638 -9.5516
0.666 13.936
1.83 9.8986
-0.912 10.525
1.221 9.7902
1.911 29.718
1.614 10.927
0.636 -13.659
-1.785 -0.97124
-1.05 -17.294
2.322 46.818
-0.303 7.643
-0.597 3.1944
-2.199 -30.056
1.197 3.095
2.793 85.135
-0.69 -2.8676
0.921 -6.0578
-1.365 14.13
-0.129 5.7826
1.245 9.531
-2.439 -35.109
1.293 -1.1727
-2.754 -71.51
0.237 -2.0758
-2.466 -50.978
-2.472 -37.754
1.224 2.6454
2.736 91.892
0.741 29.276
1.32 -19.616
0.903 -9.962
0.642 -20.779
1.002 13.29
2.922 108.74
-2.607 -69.539
1.899 9.2532
0.993 5.3339
1.596 7.3539
-1.314 18.834
-0.432 8.6789
-2.592 -79.778
2.376 29.581
-2.271 -44.196
1.149 3.3932
1.269 -0.16929
1.947 10.638
-2.163 -28.392
0.435 4.8342
-2.184 -48.51
-2.31 -42.344
1.317 12.803
-1.944 -21.831
-0.477 11.022
-2.934 -128.55
-0.579 15.32
-0.033 1.2995
1.35 7.4818
-2.805 -102.37
2.058 37.204
1.548 -1.941
2.568 53.733
-0.051 -2.1214
-2.799 -108.77
0.297 4.6327
0.219 -15.563
2.124 6.8448
0.009 9.5197
1.077 15.362
1.662 7.7257
-1.293 7.0008
-1.902 -26.296
-1.803 -13.084
-1.926 -29.835
1.572 -13.388
-2.523 -53.568
-1.164 -18.898
2.775 91.651
-2.061 -13.751
-2.877 -115.86
0.12 -22.687
1.89 18.444
-2.274 -64.892
1.806 16.419
2.919 99.389
-2.859 -111.79
-0.078 -0.73689
-2.886 -98.567
-0.312 15.331
0.225 4.3962
-1.602 -13.075
-1.299 18.691
-1.254 6.6659
0.213 -0.86396
2.88 98.209
-2.421 -34.524
-2.145 -15.3
-0.795 -7.9978
-0.504 14.237
-1.02 -25.714
-2.514 -43.745
-1.338 -4.2575
-2.238 -47.774
2.235 34.658
-1.356 -6.9776
-2.841 -104.22
-1.443 -19.637
-0.231 9.351
-1.125 -8.6784
-0.75 3.7851
-2.571 -70.692
-1.965 -25.664
-1.545 -1.8976
0.684 -3.2443
0.333 7.629
0.846 2.6425
0.228 -13.112
0.396 -0.57756
-2.769 -84.609
2.526 41.99
-2.331 -47.143
-1.098 -3.2196
0.657 12.372
2.295 28.598
-0.387 0.27311
1.086 9.0069
-2.748 -81.274
1.047 -9.9065
-2.217 -45.479
-1.881 -22.327
1.923 24.776
1.527 -12.627
-1.911 -23.407
-0.987 0.55034
-2.601 -80.994
1.164 -12.191
-1.788 -24.064
-0.414 -9.6494
-0.726 -8.936
2.925 120.78
0.321 7.2842
1.668 4.1625
-1.824 -30.68
1.479 24.706
0.582 -7.1255
1.74 32.042
2.139 19.446
-1.686 6.0589
-0.411 24.809
2.007 19.739
-0.438 2.2632
-0.891 7.8541
-0.315 1.7591
1.074 5.1686
2.874 95.897
-0.957 -15.731
0.618 -9.5941
2.493 73.641
0.78 2.5549
1.176 14.946
2.847 94.893
2.367 63.547
-1.629 -14.652
-2.097 -38.106
-0.81 16.056
-0.588 7.4132
-1.974 -31.705
2.004 35.995
0.141 3.4018
-1.386 -4.6015
-0.678 2.2205
-1.047 -15.431
2.109 11.807
0.732 -0.25964
-1.929 -10.607
-2.298 -54.696
-2.22 -64.706
-1.083 -13.994
-0.345 -6.7855
-2.715 -72.283
-2.007 -36.849
0.282 -0.21713
-1.329 5.987
2.643 76.395
1.833 33.408
2.958 118.9
2.181 21.032
3 140.16
0.954 1.7663
-0.111 7.2108
-2.985 -138.6
2.667 83.005
1.473 17.478
1.839 13.017
2.826 92.71
0.804 2.6508
2.763 63.08
1.131 -10.847
2.625 96.711
0.324 -4.668
1.818 9.8757
2.364 52.322
-0.669 22.258
-1.941 -37.175
-1.875 6.3486
-0.39 6.2752
1.284 12.145
1.44 5.1347
1.626 9.5577
0.75 6.3299
-0.063 -3.9936
0.801 -6.6941
-0.327 7.7193
0.153 4.7157
1.167 -13.388
-2.61 -66.32
-1.593 -22.043
-1.755 -15.919
-1.062 -14.632
2.46 44.368
1.797 19.317
1.38 1.3854
0.861 -10.231
-0.915 -8.4322
0.534 -6.3465
1.383 4.5216
-0.552 4.2889
-1.485 -15.394
0.687 5.685
2.424 57.269
0.717 0.20796
2.592 66.4
0.108 -4.4819
2.769 82.169
0.459 -5.9062
-0.546 -17.094
2.385 37.504
-2.133 -41.694
2.967 100.92
0.729 3.1389
-2.826 -80.024
-0.984 -6.2491
1.125 0.29827
2.115 42.465
-0.783 -0.60576
2.823 81.284
2.256 33.748
0.246 -6.5771
1.56 20.715
-1.905 -18.214
0.378 0.10153
-2.901 -131.72
2.145 10.897
2.811 87.549
-0.864 11.618
2.01 33.806
0.849 2.7681
-1.305 1.0074
-2.838 -95.071
-1.554 -11.564
0.453 -7.9349
1.179 7.2296
-2.682 -81.042
-0.687 -28.043
2.784 64.199
0.84 -8.1066
-2.151 -25.722
-2.319 -49.515
2.352 54.64
-0.942 -9.1364
-2.577 -60.244
0.984 14.512
-1.431 5.2645
0.873 -3.5948
0.879 4.4776
2.475 64.75
-1.014 3.5788
2.586 51.716
-1.764 3.5809
0.771 -3.0244
-2.988 -105.84
2.253 41.504
-0.048 3.0365
-0.48 10.309
0.03 -13.503
-1.95 1.134
-0.363 5.3685
1.452 33.392
1.569 -1.2881
-2.589 -55.209
-2.784 -100.31
1.611 9.4371
2.205 30.942
2.865 102.74
0.078 17.443
2.34 47.439
2.4 49.542
-2.844 -100.8
2.034 30.09
2.547 48.22
1.191 16.539
-1.332 -14.766
0.51 13.599
-0.519 9.8641
-0.276 -3.6197
0.765 12.276
-0.147 8.4447
1.509 20.877
2.946 111.93
-2.433 -60.756
2.577 87.779
-1.155 -11.074
1.227 16.193
-1.074 -20.802
-2.349 -42.245
-2.43 -43.231
-1.896 -4.0048
2.199 32.226
1.944 15.326
-1.806 -34.396
-2.808 -82.618
-1.668 -3.5374
2.298 48.661
2.94 101.85
-1.029 -1.9771
0.186 -17.624
-1.434 6.9101
0.498 18.108
-0.087 -4.2554
1.206 -2.1899
2.403 40.789
0.894 4.7248
-0.516 -5.2826
0.156 -2.429
-0.159 -27.326
-2.025 -30.112
-2.583 -61.781
2.748 79.728
1.758 5.5775
0.699 -11.147
1.983 10.957
-0.24 -12.742
2.964 114.46
2.721 95.275
1.584 11
-2.73 -92.683
-2.442 -50.167
2.991 142.47
1.089 -17.584
2.601 84.599
-2.625 -60.616
-0.777 -5.7192
2.553 63.501
-2.658 -71.028
-1.179 13.767
2.268 49.585
2.265 21.335
-2.244 -37.937
-0.867 -15.144
-0.819 -17.448
-0.399 -14.42
-1.377 6.3179
1.344 -1.3303
-1.773 -13.031
-1.626 -0.43482
1.041 10.948
1.743 -7.507
0.309 -23.511
-2.328 -27.19
1.764 3.6318
-2.736 -82.329
1.653 -5.4121
1.878 19.631
-1.956 -21.419
2.436 41.366
1.641 10.1
0.69 -1.0455
-1.452 -13.134
-0.927 -3.2626
-0.939 0.78055
-1.986 -35.606
-1.635 -15.795
1.635 -16.567
-2.823 -99.517
-0.585 -13.529
1.128 -8.0499
1.464 21.206
2.904 97.3
-1.935 -22.97
2.304 34.709
0.372 -0.52522
0.777 -5.8822
0.588 12.191
0.939 15.948
-0.3 -6.4493
0.351 2.7153
1.425 11.471
-2.202 -24.227
-2.847 -87.882
-2.496 -68.903
0.075 10.469
2.388 65.189
-0.183 12.102
-2.079 -25.564
1.725 13.569
-0.213 -12
-0.843 1.8526
-1.026 6.5887
-1.347 3.7717
-2.952 -131.9
-2.904 -111.44
-1.827 -12.177
-2.604 -73.86
-0.099 2.7065
0.066 -0.95293
2.163 13.419
1.719 -1.8069
2.997 122.39
-2.526 -58.651
2.565 61.772
0.249 10.539
-0.948 -9.1297
-2.427 -55.315
-2.406 -60.76
-1.209 -26.15
-0.954 -11.844
0.051 2.0483
-0.354 -5.1618
-2.502 -43.714
-0.594 8.297
-0.234 27.111
-1.302 7.3037
-2.016 -20.089
1.2 -3.3792
-2.487 -62.633
2.52 50.867
0.012 -1.1999
-1.476 0.065835
-1.425 -17.423
-2.256 -48.043
2.052 15.906
-0.786 -2.7899
1.011 -2.1432
0.768 2.5112
2.172 49.505
-1.524 -0.33733
-0.567 -17.26
2.796 90.671
1.308 12.84
-1.53 -16.82
0.96 -2.9164
1.854 4.1477
0.525 -12.836
-2.811 -115.95
2.751 79.379
0.558 4.784
1.299 15.493
0.279 -24.873
2.439 73.28
-0.351 -19.147
2.229 41.762
-1.662 13.996
2.76 75.717
-2.538 -43.91
0.468 -12.012
-2.664 -71.166
1.686 8.8289
-1.998 -28.423
1.503 33.498
2.949 110.21
-0.009 -16.482
0.15 -18.19
1.986 6.6795
-0.339 15.551
-2.796 -97.241
-1.134 0.047993
0.834 -4.8404
-1.362 13.203
-2.376 -55.708
1.254 16.009
1.659 -1.0574
-2.262 -32.427
-1.584 -6.1203
-2.391 -52.334
-0.744 -7.0913
1.353 -7.723
-1.908 -25.826
-1.749 1.1422
-1.206 -14.364
1.266 -2.9445
-0.723 -9.8927
1.893 13.422
-1.308 -7.07
-0.417 9.6624
-0.627 -6.9201
-0.636 -3.0145
-1.623 -8.6423
1.872 37.914
-1.89 -15.284
0.471 17.225
2.055 26.325
0.663 -2.6314
2.901 109.47
-0.981 -7.4433
-0.468 14.719
-1.98 -15.85
-1.872 -18.898
0.723 4.162
-2.709 -73.263
1.311 8.3374
-2.865 -96.223
-1.653 -18.469
2.196 38.425
-1.608 -21.471
-0.558 20.702
0.318 12.841
-0.738 5.1087
-0.816 11.35
0.117 -15.096
1.155 1.5665
0.756 -9.2503
0.21 6.6857
2.613 67.244
-0.156 -5.8537
-2.418 -45.397
-0.246 -5.1759
-2.031 -32.744
1.302 -13.631
1.896 16.232
-1.233 -0.5455
-0.444 26.355
-2.982 -115.99
1.977 15.114
-2.718 -75.387
2.187 28.266
1.671 37.819
1.599 -5.8333
2.673 70.392
-0.297 7.3815
1.146 -0.71986
2.394 21.556
2.226 35.267
-1.983 -14.174
-2.115 -16.604
-1.185 7.0524
-1.644 11.201
1.746 -4.349
1.053 -17.461
-0.774 -7.883
0.858 -7.9987
1.59 25.915
-1.506 -14.472
-1.101 -6.747
0.726 15.888
2.502 56.023
-1.518 -22.211
2.79 93.242
-2.325 -36.779
2.871 100.79
0.897 15.011
1.185 -2.6326
1.497 0.73763
2.349 59.021
-2.991 -129.8
2.886 97.39
0.366 -16.655
0.267 15.671
-1.242 -14.657
-0.357 -5.4144
-2.241 -31.561
-1.716 -28.625
-0.6 8.2163
-1.278 -12.032
2.562 60.615
1.386 -23.707
-0.135 1.0658
-0.12 13.943
0.789 2.5844
0.888 -34.735
-2.868 -114.44
0.402 14.363
-0.498 4.9525
2.244 22.072
1.092 27.212
-0.51 6.6879
-1.035 2.0388
-1.398 -11.052
-1.128 -3.3304
0.09 4.0226
2.781 96.427
-2.751 -85.308
-1.44 -22.511
0.426 8.7124
-0.171 -11.457
-2.85 -87.941
-0.906 -13.043
-1.797 -12.432
0.006 -9.5105
-0.486 -5.4758
1.026 0.22886
-0.492 -4.1809
