10 -7.2 -40.319
0.8 -8.4 -62.88
8 -5.2 -19.732
-2 3.2 -3.3459
4.8 3.6 -11.086
-8.4 -5.2 -10.018
5.2 -8.4 -62.787
-0.4 3.6 -5.0365
-1.2 5.6 -19.39
5.2 -3.6 -13.734
3.6 -0.8 -3.219
7.2 5.2 -21.484
-7.2 6.8 -22.381
-2 -2.4 -6.7007
-2.8 0.4 4.49
3.2 -7.2 -45.595
-0.4 0.4 -1.8985
6.4 2.8 -7.2449
2.4 7.6 -46.928
-2 -5.2 -23.362
-8.8 -2.4 9.4841
-4.8 2.4 4.2048
-7.6 1.6 13.843
-4.4 -3.6 -10.488
7.6 4 -8.7722
-8 10 -55.267
1.7764e-015 4.8 -19.014
-3.2 -6 -31.917
-1.2 -3.6 -10.879
8.8 4.4 -13.922
6.8 -0.8 -4.6274
1.7764e-015 8.8 -57.274
4 -8.4 -58.242
-5.6 -4.8 -17.78
-7.2 4.4 -2.2759
-3.6 -3.2 -5.4233
-0.4 -1.2 -2.2223
-2 6 -21.846
6.8 2.8 -6.6624
1.7764e-015 8 -43.915
-8.4 6 -11.835
-7.2 1.2 14.224
-0.4 7.2 -34.761
-3.6 -2.8 -8.6629
-6.4 5.6 -11.785
2 2 -5.0348
6.4 6 -27.803
9.6 -4.8 -17.502
4 3.6 -13.815
-2.4 0.8 3.0906
6 4.8 -16.571
-0.8 -5.2 -22.682
-3.6 2 6.471
1.2 -8.4 -61.173
1.6 1.2 -4.5158
2.4 -1.6 -1.9539
7.6 -8.8 -66.413
4.4 0.4 2.7855
5.6 7.6 -47.725
-5.6 2.4 9.5975
7.2 1.2 -2.7902
0.4 -1.6 -4.2834
8.8 10 -76.88
3.2 -4.8 -24.879
-2 -7.2 -45.096
-2.4 1.6 3.8426
-1.6 -4 -11.287
1.7764e-015 2.4 -5.6766
1.6 2.8 -7.0103
7.2 2 -0.31099
0.4 -9.2 -72.05
-1.2 -1.6 -2.8415
9.6 0.4 0.79258
5.2 -9.6 -77.34
-8 -4 -3.0446
-4.8 8.8 -49.204
-2 1.7764e-015 1.4772
5.6 5.6 -20.371
-4 9.6 -61.388
5.6 1.2 1.2749
-0.4 1.6 1.7111
3.2 2.4 -4.1101
-1.6 -3.6 -13.047
-3.6 -4.4 -13.575
1.6 -2.8 -8.069
6.8 -8.4 -57.086
7.2 6 -28.895
0.8 -8.8 -65.302
2.8 2.4 -1.2714
2.4 -4.4 -17.013
4 -2 -6.2072
-5.2 -8.8 -62.406
-1.2 4 -11.684
-3.6 0.8 4.0247
-9.2 -8 -43.136
6.4 -9.6 -74.192
-5.6 0.8 4.3957
-1.6 -0.4 0.28699
10 5.2 -14.622
0.8 -2 -10.133
-4.8 2 3.3501
-3.2 10 -66.986
-2 -4.8 -17.273
6 -4.8 -18.485
-8.4 1.6 9.9347
7.2 -4.4 -12.996
7.2 -5.2 -21.012
-8.8 1.7764e-015 14.367
-6 -5.2 -19.005
-3.6 4 -4.1929
-2.8 1.7764e-015 3.1318
-3.6 -4.8 -17.656
7.2 -2 -7.7391
-2 -3.2 -9.34
3.6 -2.8 -9.4829
5.6 -0.4 -3.1313
4.8 -6.4 -39.024
5.2 -0.4 -0.4504
4.4 1.2 -0.060858
-6.4 -0.8 11.597
-4.4 10 -69.127
-5.2 -8.4 -54.487
6.8 -5.6 -28.577
-7.6 -6.4 -28.786
-5.2 -2 -1.6018
2 1.7764e-015 -2.401
3.2 6.8 -35.67
1.2 1.6 -0.14794
-5.2 0.4 11.204
1.7764e-015 9.6 -64.427
6.8 3.2 -4.8433
9.6 -6.8 -39.013
8.4 -1.2 -0.92294
4.4 -5.2 -25.527
-0.8 -3.2 -10.914
-2.8 -1.2 2.9498
9.6 -1.6 -0.8599
-3.6 8.8 -44.312
5.2 -8.8 -67.573
4 -8 -54.651
-4 4.8 -11.041
8.4 8 -46.84
-4 2 3.9884
-4.8 2.8 1.6238
-7.2 -8.4 -58.044
-6.8 8.4 -36.213
2.8 5.2 -19.117
-4.8 9.6 -58.659
-7.6 2 5.8011
8.4 4.4 -11.359
0.4 10 -71.542
2 1.2 0.43475
-3.2 -5.6 -21.874
1.6 2 -4.8261
7.2 10 -75.373
-4.4 2 2.1828
-1.2 -6 -24.929
2 4.4 -12.248
-4.4 9.6 -57.532
-9.2 1.2 7.6963
-9.6 1.2 14.512
-9.2 -2 5.2628
4.8 6.4 -31.201
4.8 -0.4 -5.3682
10 6.8 -32.342
-7.6 7.6 -26.418
4.4 -7.2 -46.269
-8.8 6 -10.375
1.7764e-015 -8.4 -64.352
-2 7.6 -36.131
1.7764e-015 10 -68.991
4 1.2 -3.6607
5.2 5.2 -18.7
-6.4 -3.2 -3.4421
-8.4 2.4 14.069
6.8 -8.8 -64.745
3.2 -2.4 -5.7145
-9.2 -9.6 -65.463
6 -5.2 -23.056
2 4 -10.724
-5.6 -6.8 -33.453
7.6 -4 -14.169
8.8 -5.6 -24.451
9.6 2 -3.3488
-8.8 -1.2 11.314
-2.4 2.4 1.9997
-3.6 -2 1.8009
1.6 -9.6 -76.807
-4 -4 -5.6618
-8.8 9.6 -49.588
-2.8 -4.8 -15.733
2.8 6.8 -34.815
2.8 6.4 -27.566
-7.6 -3.2 -0.7801
-6.4 8 -38.017
-7.2 10 -59.052
-1.6 8.4 -43.854
-2 2.8 -3.1549
-8.8 2.8 8.3784
-4 3.2 -1.9663
-6.4 -7.6 -45.439
8.4 -3.6 -9.3124
-6.4 3.6 4.7949
8.4 6 -23.175
-6.8 -6.4 -26.982
-6.4 -5.6 -21.198
4 -4.8 -20.761
-4.8 -3.6 -8.171
7.2 -4 -15.909
5.2 6.4 -29.598
0.4 -3.6 -13.447
-9.6 -6 -18.27
-1.6 -2 -4.2016
8.4 4.8 -17.404
-4.4 1.2 4.6428
-0.8 2.4 -2.0846
8.8 -4 -14.097
5.6 3.6 -8.9792
4 6.4 -32.265
8.4 1.6 -3.1446
-8 -1.6 7.295
-6.8 1.2 14.063
-6.4 -1.6 2.0228
-3.6 -6.4 -30.213
3.6 -0.4 -2.2794
-6.8 -7.6 -43.688
0.4 -5.2 -24.529
8 6 -24.74
-4.4 1.7764e-015 6.8957
6 2.8 -6.9799
-7.2 -2.4 3.7652
3.6 2 -6.2456
-5.6 -1.6 4.1196
3.2 0.4 -1.7603
0.8 5.6 -20.702
-1.2 4.4 -6.9906
-5.6 -1.2 5.3984
-9.6 4 8.4306
3.6 1.7764e-015 0.70053
-3.2 7.2 -30.97
5.6 4.4 -14.237
6.8 6.8 -32.586
-2.8 -0.4 0.317
-7.2 -8.8 -57.287
9.6 5.2 -19.964
3.6 6 -27.873
-5.2 -1.2 2.9042
-0.4 -7.6 -45.857
-8 3.2 3.902
-5.6 -0.8 5.6726
-1.6 0.8 3.3643
9.6 6 -27.987
-6.8 6.8 -21.431
10 -6.8 -35.875
-2.4 -5.2 -27.992
4 -6.4 -39.739
-2.8 3.6 -3.003
-9.2 -1.2 15.438
5.6 -2.8 -8.0261
-6 9.2 -53.884
-9.2 -3.2 6.006
-1.6 0.4 0.3591
6.8 -4.4 -16.203
-7.2 -9.2 -62.607
0.4 0.8 2.2119
0.4 -6.4 -37.577
-4.4 -7.2 -42.897
2 6 -25.258
6.4 2 -4.8974
-0.4 -5.2 -22.375
-8 9.2 -45.938
-1.2 2 0.11395
4.4 8 -49.925
-4.4 -4.8 -15.628
3.6 -9.6 -79.912
0.4 0.4 3.5417
3.2 1.7764e-015 0.97547
-5.2 10 -65.932
4.4 4.8 -18.218
-4 8.4 -42.206
-6 6 -18.567
-3.2 3.2 -2.4068
-3.6 1.2 7.5763
7.6 6.4 -31.125
6 3.6 -9.5512
1.2 -1.6 -3.3898
-6.4 -8.4 -52.395
2.4 7.2 -38.313
5.2 -2.4 -0.80055
7.6 -3.6 -10.37
9.6 -8.8 -60.166
-9.6 10 -55.081
5.6 -6.8 -44.207
8.4 2.8 -4.3828
9.2 -4.4 -13.539
-2.4 -4 -15.629
2 -2 -7.5201
8.8 -5.2 -22.595
9.2 0.4 4.1151
-0.8 3.6 -10.279
1.2 8.8 -59.861
6.8 8 -49.471
4.4 6.4 -33.369
-1.6 -2.4 -8.3922
-2.4 -9.6 -75.099
0.4 -6.8 -42.245
5.6 -6 -34.374
-7.2 3.2 0.47486
-3.2 -4.4 -20.123
6 8.4 -52.655
7.2 1.7764e-015 -2.4388
1.7764e-015 7.2 -35.498
1.2 3.2 -6.0807
-0.4 8 -42.87
3.2 -5.6 -27.727
2.4 4 -9.7954
-6.8 -2.8 -0.93034
4.8 6 -28.275
4.8 -4.4 -21.194
7.6 -2 -2.7909
1.6 -4.8 -18.669
3.6 -2 -7.3399
-9.6 -3.2 -0.93746
9.6 -2.8 -5.7445
5.2 -4.8 -19.568
-1.2 7.2 -37.844
3.2 -4.4 -16.019
5.6 -1.6 -2.0099
7.6 0.4 1.2056
6.8 4 -5.4556
-5.6 5.2 -13.625
-4.4 9.2 -52.555
-9.2 -0.4 15.575
-3.6 9.6 -63.158
2.4 -7.2 -44.533
-6 -8.4 -55.738
-4.8 -0.8 2.8162
0.8 1.2 -1.6012
7.2 -0.4 -0.56841
8 -6.4 -36.396
4.8 -1.6 -7.4712
-4.4 -8 -51.002
-9.2 4.4 7.5405
-0.8 8.4 -50.256
6.8 0.8 -0.85381
-2.8 5.2 -18.412
-2.4 -2.4 -0.094055
-6 -6.4 -25.139
-9.2 -8.8 -59.901
-2.8 -8.8 -69.234
-1.2 1.6 0.51563
1.6 5.6 -22.122
-4 -2 -1.3317
-3.2 -7.2 -42.72
-1.2 6.4 -28.474
-6.8 2 10.398
3.6 8.4 -53.471
8.8 -4.8 -18.441
-8.8 -8.8 -56.288
-9.2 4 6.1956
-6 9.6 -51.152
7.2 7.2 -40.93
3.2 -9.2 -73.801
-0.8 -7.2 -45.121
-8 -5.2 -15.356
-8.4 -4.4 -9.3717
-2 -7.6 -47.717
-2.4 4.4 -4.8278
10 -5.2 -20.291
2 -2.4 -7.3841
8 -3.6 -10.763
-9.2 -5.2 -14.107
2 6.4 -28.996
-7.6 3.6 4.0137
-8.4 -2 8.0963
1.2 -0.8 0.41
9.2 2.4 -1.6409
-3.6 1.7764e-015 6.4551
-8.4 0.8 10.964
8.8 3.2 -7.0429
-2.8 -2.4 -0.65971
8.8 -6 -29.742
-9.6 -4.8 -12.348
2.8 -4.4 -20.144
-6.8 -0.8 2.2517
6 4 -14.664
1.7764e-015 -2 -4.9944
0.4 6 -24.814
-2.8 0.8 6.5291
-0.8 6.8 -33.219
-5.6 -5.2 -20.137
-2.4 3.6 -6.2427
-8.8 0.4 12.701
-6.8 9.6 -53.611
10 -1.6 -6.5176
-9.6 9.6 -49.288
8.8 8.4 -52.258
-3.2 -6.4 -30.251
-5.2 -8 -48.831
3.2 -3.6 -11.947
-0.8 -9.6 -75.138
10 -0.4 2.2435
-6.8 8.8 -42.795
0.4 -8.8 -68.069
-8.4 1.7764e-015 4.6921
-5.6 -4 -5.9061
-4.8 6 -17.726
-3.6 3.6 -4.1344
-8.4 -4 -3.694
2 3.6 -9.7605
8.4 -5.6 -30.693
8.4 -2 -3.7286
-5.2 -5.6 -27.676
3.6 -6.8 -39.818
-3.6 1.6 4.2059
0.4 3.6 -6.3042
2.4 -0.8 -0.81929
-6 -6.8 -38.836
0.4 1.7764e-015 -0.27848
-8.4 6.4 -8.9823
-9.2 7.2 -16.512
8.4 -4 -11.909
-4.4 8 -35.546
-7.2 2 7.4673
6 -0.4 0.77584
6 1.6 -2.8396
1.6 -9.2 -71.91
-2 4 -10.164
2.4 0.4 -0.87648
-1.6 -1.6 0.19415
1.2 -6.8 -40.065
-9.2 1.7764e-015 9.4764
-3.6 -6.8 -33.043
-4 10 -66.545
-2.4 8 -43.935
3.6 -8.4 -55.861
-6 7.2 -29.564
-4 -8.4 -60.679
-4.4 2.8 1.0547
5.2 8.8 -60.242
2.8 8.4 -48.11
-8.8 -2.8 6.5042
3.6 -1.6 -4.8185
7.6 9.6 -67.901
-9.6 -2.4 8.5413
-5.2 4.4 -6.9894
10 6 -22.775
-2 -6 -31.407
-7.6 10 -59.106
8.8 8.8 -56.028
2 3.2 -6.6589
-8.4 -3.6 0.098614
-2.4 -1.2 3.6206
-7.6 8.4 -36.616
-1.6 -8.8 -65.365
-4 1.6 3.5297
9.6 3.2 -8.6961
8.8 -0.4 0.2856
3.2 -6.8 -41.498
6 8.8 -52.947
3.6 -4 -20.349
9.6 -1.2 -3.0438
1.2 6 -25.452
-9.6 -2 9.3602
2 -1.6 -4.2454
-7.2 -0.8 9.2888
4 1.6 -3.3815
-2.8 -1.6 1.9792
6 -3.2 -8.3672
-7.6 6 -13.554
7.2 -9.2 -71.591
9.6 -8.4 -58.249
-3.6 5.2 -12.494
-8.4 -8.8 -56.424
-5.6 2 7.254
7.2 -6 -26.738
-7.2 -9.6 -72.87
3.6 -5.6 -25.704
-8.8 2.4 13.023
6.4 10 -78.502
-4.4 -6 -30.377
-2.4 -7.2 -44.267
-4 5.6 -19.08
8 -0.8 1.1282
-9.6 -3.6 -1.2213
8 2 -4.1737
1.2 7.6 -43.507
-6.4 -9.2 -67.916
7.2 0.8 4.0976
-7.2 2.8 7.5882
8 5.6 -22.411
-2.4 4.8 -16.053
-7.2 -7.2 -35.183
-8.8 2 13.191
-6 0.8 7.3124
-2 0.4 6.2421
-8.4 -6 -26.368
-4.8 4.4 -8.2983
-6 3.6 -0.79737
-6 -5.6 -20.62
8 -7.2 -43.655
-5.6 -2.4 -0.20457
-2 8.8 -54.055
9.2 1.6 -1.8912
-9.6 2.8 15.382
-7.2 3.6 3.1227
9.2 -9.2 -67.299
-3.2 4 -7.4185
10 -2.4 -5.1865
9.2 -1.2 -0.60816
-8.4 -4.8 -6.444
6.4 6.8 -32.349
-8 -6.4 -26.581
8 9.2 -60.482
-0.8 -7.6 -50.037
0.8 3.6 -10.969
1.2 10 -75.41
1.6 1.6 0.022787
-8 -8.4 -52.288
8 7.2 -39.386
6.8 -5.2 -19.168
6 -8.8 -63.497
-5.2 1.7764e-015 8.7142
6.8 6 -23.365
7.2 2.8 -2.7826
-9.6 6.4 -9.9671
3.6 9.6 -72.614
-2 -5.6 -24.317
-9.2 6.4 -8.3431
1.6 4.8 -18.65
7.6 4.8 -17.844
9.2 4.8 -17.425
-9.2 -6.4 -26.069
8 -8.4 -61.742
-1.2 -9.2 -74.119
1.7764e-015 2 -2.6155
6.4 4.8 -17.916
9.6 8.4 -57.888
-1.6 -8 -54.634
0.8 6.8 -35.589
-3.2 7.6 -36.437
6.8 -9.2 -68.861
-2.8 2.8 1.2922
-5.2 -6.8 -38.839
8.4 -2.8 -6.6047
-1.6 -4.4 -19.813
-2 3.6 -6.2786
2 -4.4 -21.726
-5.2 -7.6 -50.494
-2.4 -4.8 -22.617
-4 4.4 -10.429
-6 6.4 -17.88
-9.6 -9.6 -65.351
-4 -6.4 -27.119
1.6 -1.6 -4.2629
1.6 4.4 -13.994
7.6 -6.8 -38.846
3.6 -6 -34.025
5.2 2.8 -7.8607
2.4 5.2 -21.629
-4 5.2 -12.566
6 6 -26.773
-6 -1.2 5.5286
-2.4 -6.4 -36.714
-2 0.8 6.3107
0.4 2.8 -5.702
-7.6 -4.4 -6.7629
-4.8 0.8 1.1969
8 -2.8 -5.8163
-9.6 3.2 12.354
6.4 8.8 -57.418
-9.6 6 -6.5229
1.2 -9.6 -76.068
-8.8 1.6 14.208
3.6 -8.8 -61.859
10 4.8 -17.847
2 -5.6 -25.915
-7.2 8.8 -42.283
10 9.6 -63.869
7.2 3.6 -8.4771
6.4 -7.2 -46.6
3.2 -0.8 -4.3798
1.2 -3.6 -15.517
7.2 -7.2 -46.011
3.2 6.4 -29.143
4.4 -2.4 -8.5072
-4.8 8.4 -40.242
1.7764e-015 6.4 -25.115
-8.8 7.2 -16.715
2.8 10 -69.079
-6 7.6 -30.41
-8.4 6.8 -20.98
-4 -1.6 -0.0027047
-0.4 -8.4 -55.529
-4.4 -6.8 -36.161
4.8 -3.6 -13.442
3.6 0.4 0.89966
-3.2 8 -39.358
3.2 0.8 0.9045
9.6 -3.6 -10.304
-9.6 -8 -43.107
1.7764e-015 -8 -52.299
2 0.8 2.1809
-8.8 -1.6 8.9167
3.2 -9.6 -80.505
10 2.8 -3.9316
-0.8 0.4 2.3537
-2.4 9.2 -55.305
7.6 10 -75.375
-9.6 -6.8 -27.103
0.4 -2 -3.8334
7.6 5.2 -15.483
6.8 -9.6 -75.085
-4.4 -2.8 -4.907
9.6 -9.2 -65.607
5.2 -6.8 -41.093
-5.6 -3.6 -3.8559
-1.6 -3.2 -7.101
1.2 -9.2 -72.421
-5.2 2.8 4.2559
8.8 6.8 -28.505
-3.2 4.8 -10.608
-5.2 -4 -8.2922
10 -2 -2.754
-2 5.2 -14.213
0.4 9.2 -57.899
-9.2 8.4 -29.735
-1.6 -6.4 -40.097
-8 4 0.81814
-6.8 2.8 7.9796
-5.6 9.2 -48.828
-8.8 -4.8 -8.5739
-2.8 -8.4 -56.794
-8.4 -9.6 -68.309
4.4 5.2 -24.081
7.6 -2.4 -1.24
7.2 -6.4 -36.275
-0.4 5.2 -16.946
7.6 2 -4.271
1.6 -8.4 -60.178
-5.2 8 -36.057
4.4 4 -13.19
1.7764e-015 -0.8 -1.8609
-4.4 -0.4 1.9896
-5.2 1.2 6.9117
1.7764e-015 -6 -28.934
-6.4 -4.4 -12.069
6.8 -3.2 -8.536
2.4 10 -73.425
5.2 0.4 3.7824
6.8 5.2 -16.985
-1.2 -1.2 -3.8655
9.2 -8.8 -62.113
2.4 -6.4 -36.149
2.8 4.4 -15.26
8.8 2.8 -7.0252
1.7764e-015 -1.2 -3.1469
3.2 -8.8 -69.552
-4.4 -8.4 -54.513
0.8 -6 -34.456
-8 -3.2 -1.0252
-7.2 -4 -4.7021
-0.8 10 -70.625
-6 -1.6 0.60141
-8.4 1.2 13.219
8.8 5.6 -25.2
8 -6.8 -39.086
0.8 1.6 -2.2768
-9.2 5.2 -1.8278
-0.8 -0.8 -4.8989
-6 -7.2 -38.833
0.8 -9.2 -69.171
10 -8.4 -51.939
8 -2.4 -4.1499
-4 -5.2 -20.929
3.2 -4 -14.686
-7.6 -5.6 -11.988
-0.8 8.8 -53.951
4.4 -9.2 -71.536
6.4 -6.4 -38.021
9.2 -6.8 -35.372
-7.2 -8 -44.811
-3.6 9.2 -58.086
-6.8 6.4 -15.859
5.2 1.2 -1.0756
6 7.6 -41.006
-5.2 6.4 -22.753
-1.2 -0.8 3.9851
-9.6 0.8 12.57
7.6 2.4 -0.086678
-0.4 -0.4 -3.5051
8.8 -8 -49.8
-0.8 9.6 -65.265
5.2 8.4 -54.17
-2.8 -5.2 -21.033
8.4 -9.6 -73.289
8.4 3.6 -11.03
4 2.8 -6.0684
0.4 2 -2.7012
-4.4 8.4 -42.156
-3.2 6.8 -28.377
0.8 8 -47.134
2 -4.8 -23.037
-5.6 -8.4 -54.844
-2 6.4 -27.131
-5.6 8.4 -39.454
8.4 10 -78.476
10 -4.8 -19.617
4.8 -5.2 -26.2
-0.8 -1.6 4.825
5.2 -4.4 -13.146
-6 0.4 6.9341
2.8 -6.8 -43.1
3.6 0.8 -5.8156
1.7764e-015 0.8 0.72127
-6.8 0.8 9.6662
9.2 4 -8.1799
0.4 -9.6 -77.841
-9.6 -4 -3.8589
7.6 1.7764e-015 -0.015514
-9.6 -1.6 8.4929
-5.2 5.6 -10.467
1.2 -2.4 -7.051
4.4 -0.4 -0.54051
-6 -2.4 -0.10602
1.6 3.2 -9.9922
-0.4 -3.6 -12.731
2 -3.6 -15.344
1.6 -0.8 0.13527
-6 3.2 2.4191
-2.4 1.2 1.0539
10 1.2 2.6543
-6 -4.8 -13.761
1.6 7.2 -38.763
7.6 -4.4 -18.709
-0.4 6.4 -28.627
-2.8 2.4 -0.59647
5.6 2.4 -3.9763
1.2 -8.8 -65.392
6.8 -4 -11.554
4.8 9.6 -69.015
4.8 -7.2 -46.974
-1.2 -9.6 -76.825
10 6.4 -28.521
6.4 4 -10.556
-4 -5.6 -23.894
-4.4 7.6 -29.51
0.4 -7.6 -47.527
-8 4.4 -0.12376
3.6 -1.2 -1.6249
-2.4 -8.8 -64.741
6.8 8.4 -53.227
5.6 -3.6 -14.283
-9.2 -7.2 -33.457
2 2.4 -10.956
8 5.2 -21.413
-2 7.2 -33.21
6 2 -9.6545
8.4 -8.4 -57.256
-5.6 1.2 2.9811
-6.8 -8.4 -50.323
-8.4 -1.6 11.479
-6.4 0.4 7.3939
-8.8 -0.4 11.605
-1.6 -1.2 -1.993
-4 1.7764e-015 5.0206
-4 8 -38.556
7.6 -2.8 -9.2574
6 -6.4 -33.904
0.8 6 -24.766
-8.4 -2.8 3.3361
1.2 -7.6 -53.952
-8.8 -5.6 -18.759
-3.2 -7.6 -48.67
6.4 -5.6 -28.863
-0.8 1.2 -1.165
-8.8 4.8 3.4799
3.2 -2.8 -9.5243
4.4 7.2 -38.528
-5.6 7.6 -31.597
1.6 7.6 -37.594
-9.6 7.6 -22.121
-1.2 1.7764e-015 2.9255
8.8 0.8 3.7907
-2.4 6.8 -24.215
0.8 4.8 -15.871
-1.6 3.6 -9.8902
1.7764e-015 -7.2 -41.333
0.4 -3.2 -9.7212
-2.4 7.2 -35.646
-8.8 -7.2 -28.952
-7.2 7.2 -25.013
9.2 10 -72.737
4 9.2 -62.355
-9.2 9.6 -45.327
1.6 -3.6 -12.913
-5.6 4.8 -5.8166
4 2 -5.6493
-1.6 -4.8 -15.649
-9.6 1.7764e-015 14.87
8.4 -6.4 -32.882
4.8 -9.2 -70.67
-7.2 -1.6 3.3118
4.4 -8 -60.861
1.6 3.6 -9.3475
4 2.4 -5.8644
-8.4 -0.4 11.436
-3.2 3.6 -4.0311
-7.6 6.8 -19.131
-1.6 7.2 -32.852
1.2 1.7764e-015 2.5705
5.6 3.2 -8.2088
4 0.4 -1.7605
-0.8 -3.6 -9.6256
-4.8 -7.2 -42.594
-0.4 -3.2 -8.256
-8 -2 7.9233
2.4 -6.8 -42.604
5.6 9.6 -66.137
10 7.6 -44.209
5.6 -7.2 -44.387
-6.8 -2.4 1.1899
3.2 4.8 -14.59
1.6 -4.4 -21.82
0.4 8.4 -51.672
2.8 -0.4 0.28625
-7.6 -0.4 9.7803
10 -7.6 -46.322
0.8 2.4 -2.9641
6.8 4.4 -12.486
3.6 3.6 -9.9069
-6.8 7.2 -22.283
2.4 -4.8 -23.094
5.6 -5.2 -23.298
-8 0.4 13.47
7.2 9.2 -61.364
-8.4 2.8 8.8746
4.4 3.6 -11.837
-2.8 8.8 -49.923
-6.4 -6 -27.155
-5.6 -7.6 -43.497
4.8 -0.8 -1.3309
-8.4 9.2 -43.781
-6 -7.6 -44.741
4 5.6 -23.933
-6.4 9.6 -57.144
7.2 -8.8 -67.318
4.8 10 -76.268
9.2 -0.4 -2.4374
6 -6 -33.775
-0.8 4 -8.8517
1.6 -7.2 -42.83
-8 7.6 -22.224
-8.4 3.2 3.7238
1.7764e-015 -4.8 -21.846
-2 2 1.5034
-7.6 -2.8 4.3692
2 -0.8 -1.7626
-6.4 -6.8 -36.594
-5.2 1.6 5.6091
-8 -6 -19.949
4 9.6 -72.26
7.6 3.6 -9.6965
-0.4 2.8 0.25966
2.8 -5.2 -28.49
-6 1.2 10.432
-7.2 1.7764e-015 8.0285
-0.8 -4 -13
9.6 -4.4 -15.294
8 -2 -0.81545
-0.8 1.7764e-015 2.1462
5.2 6.8 -32.351
7.6 8.8 -57.238
6.4 -6.8 -38.918
-2.8 1.2 4.771
-4.4 3.2 -0.7452
-6.8 -7.2 -34.683
4 0.8 -0.9173
5.6 -1.2 -6.2518
-3.6 7.6 -35.216
5.6 0.8 -2.7013
0.4 -2.8 -5.6883
-6.8 8 -36.831
-4.4 -2 0.81248
4.4 -6 -33.382
-4.8 -1.2 4.2541
-9.6 2.4 13.877
2.4 -3.6 -13.308
8 8 -48.378
3.2 4.4 -12.173
-8.8 10 -58
2.4 8.8 -54.794
-9.6 -7.6 -38.921
-5.2 -6 -26.059
-1.2 -6.8 -36.212
8.4 -3.2 -13.834
-2.4 -0.4 4.9214
-8 -2.4 5.4771
10 -9.6 -72.472
7.6 7.6 -44.112
-6.4 9.2 -49.653
-4.8 10 -63.587
3.2 10 -77.033
2.4 2 -6.6391
-4.8 1.2 5.8008
8.4 1.2 -0.16312
0.8 -2.8 -9.8596
-8.8 1.2 15.056
8.8 -4.4 -17.915
8 8.8 -55.206
0.4 7.6 -40.863
4.8 -6 -30.074
3.2 1.2 -0.35825
-0.4 -6 -33.551
7.2 6.8 -35.688
2.8 -4 -18.806
7.2 -3.2 -9.4498
-8.8 8.4 -31.392
5.6 -7.6 -50.11
-6.8 -4 -5.7314
6.8 7.2 -41.896
7.6 -0.8 -0.67243
-1.6 2.8 -1.8236
2.4 -9.6 -79.229
-9.6 6.8 -15.13
6.8 -6.4 -37.74
-4 3.6 -0.93594
-8 -3.6 -3.4043
6 5.2 -24.053
4.8 -8.8 -62.042
7.6 -7.6 -44.701
6.8 1.2 0.4101
4.4 -4.4 -17.436
4.4 -8.8 -66.77
8.8 7.2 -37.854
-8.8 0.8 15.009
-2 9.2 -60.683
1.2 -3.2 -10.872
7.6 7.2 -39.88
2.8 -4.8 -25.643
9.2 5.6 -18.305
8.8 4 -9.8018
0.4 1.2 -1.6822
-8.4 -5.6 -20.149
-9.2 3.6 7.969
-9.6 2 14.615
-0.4 -5.6 -26.776
-2.4 1.7764e-015 -0.45305
7.2 1.6 -3.8526
4 -4 -16.927
-8.8 -8.4 -48.82
8 -8.8 -64.483
7.6 -1.6 -8.7181
-9.2 -4.8 -9.2649
6.8 -1.2 -0.12551
7.2 6.4 -25.811
3.2 -2 -8.2232
-3.6 -9.6 -73.918
6.4 -4.4 -19.036
-1.6 -5.6 -24.123
-6.8 -4.4 -8.5939
-3.6 -9.2 -68.409
1.7764e-015 1.2 -1.6879
2 -8 -52.295
-5.2 -3.2 -5.2044
4.4 -0.8 0.082589
-5.2 -0.8 6.9206
-0.4 -2.4 -3.248
-9.2 6 -10.325
-5.6 10 -62.133
-8 5.6 -4.6822
-8 5.2 -0.73929
0.8 4.4 -9.3847
6 -0.8 -3.0948
-1.2 5.2 -16.998
-2 -8 -51.597
2 -7.6 -51.159
-6.4 1.6 8.4198
-1.6 -7.2 -44.309
-8.4 -0.8 13.267
10 7.2 -38.678
1.2 0.8 1.3425
-1.2 3.6 -6.3427
-5.2 -2.8 -2.4235
9.2 0.8 -2.1387
-4.8 -0.4 8.1438
-7.6 -8.4 -54.603
-5.6 6 -15.647
-1.6 -9.6 -79.058
-6.4 4 3.1188
-8.8 9.2 -42.209
-2 -2.8 -5.0399
-4 0.4 6.4768
-2.4 8.4 -45.017
-2.4 -5.6 -26.294
5.2 1.6 -0.97029
-2.4 -4.4 -17.378
-1.2 8.8 -50.743
7.6 -6 -24.813
2.4 8.4 -54.93
