10 -7.2 -40.319
0.8 -8.4 -62.88
8 -5.2 -19.732
-2 3.2 -3.3459
4.8 3.6 -11.086
-8.4 -5.2 -10.018
5.2 -8.4 -62.787
-0.4 3.6 -5.0365
-1.2 5.6 -19.39
5.2 -3.6 -13.734
3.6 -0.8 -3.219
7.2 5.2 -21.484
-7.2 6.8 -22.381
-2 -2.4 -6.7007
-2.8 0.4 4.49
3.2 -7.2 -45.595
-0.4 0.4 -1.8985
6.4 2.8 -7.2449
2.4 7.6 -46.928
-2 -5.2 -23.362
-8.8 -2.4 9.4841
-4.8 2.4 4.2048
-7.6 1.6 13.843
-4.4 -3.6 -10.488
7.6 4 -8.7722
-8 10 -55.267
1.7764e-015 4.8 -19.014
-3.2 -6 -31.917
-1.2 -3.6 -10.879
8.8 4.4 -13.922
6.8 -0.8 -4.6274
1.7764e-015 8.8 -57.274
4 -8.4 -58.242
-5.6 -4.8 -17.78
-7.2 4.4 -2.2759
-3.6 -3.2 -5.4233
-0.4 -1.2 -2.2223
-2 6 -21.846
6.8 2.8 -6.6624
1.7764e-015 8 -43.915
-8.4 6 -11.835
-7.2 1.2 14.224
-0.4 7.2 -34.761
-3.6 -2.8 -8.6629
-6.4 5.6 -11.785
2 2 -5.0348
6.4 6 -27.803
9.6 -4.8 -17.502
4 3.6 -13.815
-2.4 0.8 3.0906
6 4.8 -16.571
-0.8 -5.2 -22.682
-3.6 2 6.471
1.2 -8.4 -61.173
1.6 1.2 -4.5158
2.4 -1.6 -1.9539
7.6 -8.8 -66.413
4.4 0.4 2.7855
5.6 7.6 -47.725
-5.6 2.4 9.5975
7.2 1.2 -2.7902
0.4 -1.6 -4.2834
8.8 10 -76.88
3.2 -4.8 -24.879
-2 -7.2 -45.096
-2.4 1.6 3.8426
-1.6 -4 -11.287
1.7764e-015 2.4 -5.6766
1.6 2.8 -7.0103
7.2 2 -0.31099
0.4 -9.2 -72.05
-1.2 -1.6 -2.8415
9.6 0.4 0.79258
5.2 -9.6 -77.34
-8 -4 -3.0446
-4.8 8.8 -49.204
-2 1.7764e-015 1.4772
5.6 5.6 -20.371
-4 9.6 -61.388
5.6 1.2 1.2749
-0.4 1.6 1.7111
3.2 2.4 -4.1101
-1.6 -3.6 -13.047
-3.6 -4.4 -13.575
1.6 -2.8 -8.069
6.8 -8.4 -57.086
7.2 6 -28.895
0.8 -8.8 -65.302
2.8 2.4 -1.2714
2.4 -4.4 -17.013
4 -2 -6.2072
-5.2 -8.8 -62.406
-1.2 4 -11.684
-3.6 0.8 4.0247
-9.2 -8 -43.136
6.4 -9.6 -74.192
-5.6 0.8 4.3957
-1.6 -0.4 0.28699
10 5.2 -14.622
0.8 -2 -10.133
